age = 13.157581708132735
chistar = 13350.891375562589
dastar = 13.350976937063741
kd = 0.14802991287302475
keq = 0.011064777055748898
nz = 150
rdrag = 142.41052861019134
rs_zdrag = 142.41052861019134
rstar = 140.68817069911015
thetad = 0.15895981310324264
thetaeq = 0.7930848062798928
thetarseq = 0.43716787496044174
thetastar = 1.0537668618731915
zdrag = 1066.7010398157215
zeq = 3625.743810228713
zstar = 1087.1338819949349
