a_s = 5.233487996498261e-10
baryon_fraction = 0.0770376277271341
cs2_de = 1.0
h0 = 0.5589586873043346
hubble = 55.89586873043346
k = -0.0
massive_nu = 1
massless_nu = 2.0293333333333337
mnu = 0.057267660756861974
n_eff = 3.0440000000000005
n_s = 0.963400403288422
nnu = 3.044
num_nu_massive = 1
num_nu_massless = 2.0293333333333337
ombh2 = 0.019547562736778514
omch2 = 0.23357739259000845
omega_b = 0.06256525154623001
omega_c = 0.7476036025407224
omega_k = 0.0
omega_lambda = 0.18786113497893508
omega_m = 0.8121388650210649
omega_nu = 0.001970010934112543
omlamh2 = 0.058694358786197956
ommh2 = 0.25374045532678696
omnuh2 = 0.0006155
s_8 = 0.8872754302588873
sigma_12 = 0.6283609382402526
sigma_8 = 0.5392671129784363
tau = 0.08
tcmb = 2.7255
w = -1.0
wa = 0.0
yhe = 0.245341
