a_s = 5.306904359055764e-10
baryon_fraction = 0.0634556399087274
cs2_de = 1.0
h0 = 0.5626309589706672
hubble = 56.26309589706672
k = -0.0
massive_nu = 1
massless_nu = 2.0293333333333337
mnu = 0.057267660756861974
n_eff = 3.0440000000000005
n_s = 0.967
nnu = 3.044
num_nu_massive = 1
num_nu_massless = 2.0293333333333337
ombh2 = 0.015384504765223473
omch2 = 0.22644502907813652
omega_b = 0.04859999999999999
omega_c = 0.7153449903746429
omega_k = 0.0
omega_lambda = 0.2341106311447695
omega_m = 0.7658893688552305
omega_nu = 0.001944378480587736
omlamh2 = 0.07410856214889262
ommh2 = 0.24244503384335994
omnuh2 = 0.0006155
s_8 = 0.8831277624602635
sigma_12 = 0.6397943504916008
sigma_8 = 0.5527148644363081
tau = 0.08
tcmb = 2.7255
w = -1.0
wa = 0.0
yhe = 0.245341
