# 2pt_covariance
9.433106999999999621e-11 9.051794000000000113e-11 8.747543999999999587e-11 8.422470999999999928e-11 8.069966000000000068e-11 7.680570999999999626e-11 7.243829999999999841e-11 6.750254000000000531e-11 6.193408000000000260e-11 5.572154999999999898e-11 -2.790404999999999761e-13 -7.996736999999999795e-13 -3.021082999999999901e-13 5.418125000000000200e-13 1.307726000000000036e-12 1.913077999999999818e-12 2.393357000000000098e-12 2.815725000000000101e-12
9.051794000000000113e-11 9.068271000000000427e-11 8.725266999999999923e-11 8.403380000000000247e-11 8.053674000000000565e-11 7.667365000000000540e-11 7.233807999999999583e-11 6.743188000000000610e-11 6.188841999999999813e-11 5.569538000000000092e-11 -4.639552999999999681e-15 -2.797190999999999789e-13 -8.062348999999999900e-13 -2.987715000000000058e-13 5.613512999999999691e-13 1.350493999999999920e-12 1.994563999999999820e-12 2.537894000000000091e-12
8.747543999999999587e-11 8.725266999999999923e-11 8.700189999999999504e-11 8.372960999999999910e-11 8.028009999999999919e-11 7.646464000000000324e-11 7.217879000000000248e-11 6.731930999999999580e-11 6.181562999999999719e-11 5.565363999999999751e-11 -2.639063999999999904e-16 -2.903823000000000169e-15 -2.788248000000000117e-13 -8.088925999999999858e-13 -2.889711000000000085e-13 5.929955000000000252e-13 1.417595000000000080e-12 2.120919000000000043e-12
8.422470999999999928e-11 8.403380000000000247e-11 8.372960999999999910e-11 8.315049000000000348e-11 7.987461000000000310e-11 7.613446000000000232e-11 7.192543000000000243e-11 6.713962000000000064e-11 6.169924000000000479e-11 5.558682999999999772e-11 3.868356999999999761e-16 6.695725999999999773e-16 -6.126396999999999865e-16 -2.764128999999999884e-13 -8.075993000000000119e-13 -2.715426000000000086e-13 6.408127000000000166e-13 1.518332999999999969e-12
8.069966000000000068e-11 8.053674000000000565e-11 8.028009999999999919e-11 7.987461000000000310e-11 7.901093999999999372e-11 7.561301000000000357e-11 7.152229000000000583e-11 6.685169000000000027e-11 6.151220999999999887e-11 5.547930000000000171e-11 2.038918999999999990e-16 5.250541999999999560e-16 1.196490000000000042e-15 1.302947999999999967e-15 -2.737993000000000044e-13 -8.038262000000000469e-13 -2.469546000000000027e-13 7.081186000000000156e-13
7.680570999999999626e-11 7.667365000000000540e-11 7.646464000000000324e-11 7.613446000000000232e-11 7.561301000000000357e-11 7.448655999999999760e-11 7.088105999999999646e-11 6.638841000000000267e-11 6.120940999999999657e-11 5.530466000000000075e-11 1.475066999999999887e-17 6.090539000000000437e-17 1.993734000000000026e-16 7.165414000000000474e-16 1.309298999999999979e-15 -2.735951000000000143e-13 -8.011406999999999570e-13 -2.178500000000000007e-13
7.243829999999999841e-11 7.233807999999999583e-11 7.217879000000000248e-11 7.192543000000000243e-11 7.152229000000000583e-11 7.088105999999999646e-11 6.950839999999999491e-11 6.564042999999999519e-11 6.071410999999999725e-11 5.501722999999999821e-11 -5.881943000000000380e-17 -1.362398000000000075e-16 -3.376227999999999905e-16 -7.224452999999999933e-16 -1.349464999999999930e-15 -2.317126000000000173e-15 -2.796367000000000216e-13 -8.054604999999999686e-13
6.750254000000000531e-11 6.743188000000000610e-11 6.731930999999999580e-11 6.713962000000000064e-11 6.685169000000000027e-11 6.638841000000000267e-11 6.564042999999999519e-11 6.404711000000000011e-11 5.989471999999999704e-11 5.453473000000000142e-11 -6.631624999999999562e-17 -1.565439999999999953e-16 -4.098888000000000095e-16 -9.920089999999999051e-16 -2.378159000000000154e-15 -5.402293999999999743e-15 -1.120378000000000000e-14 -2.966052999999999983e-13
6.193408000000000260e-11 6.188841999999999813e-11 6.181562999999999719e-11 6.169924000000000479e-11 6.151220999999999887e-11 6.120940999999999657e-11 6.071410999999999725e-11 5.989471999999999704e-11 5.812657000000000119e-11 5.370454000000000292e-11 -4.857553000000000240e-17 -1.146638000000000046e-16 -3.116204999999999821e-16 -7.690179999999999859e-16 -1.928853000000000027e-15 -4.794115000000000002e-15 -1.165898999999999976e-14 -2.663565999999999942e-14
5.572154999999999898e-11 5.569538000000000092e-11 5.565363999999999751e-11 5.558682999999999772e-11 5.547930000000000171e-11 5.530466000000000075e-11 5.501722999999999821e-11 5.453473000000000142e-11 5.370454000000000292e-11 5.183483999999999928e-11 -3.034228999999999788e-17 -7.091030999999999597e-17 -1.995959000000000027e-16 -4.911343999999999525e-16 -1.241854999999999942e-15 -3.139411999999999904e-15 -7.964187000000000290e-15 -2.014224000000000049e-14
-2.790404999999999761e-13 -4.639552999999999681e-15 -2.639063999999999904e-16 3.868356999999999761e-16 2.038918999999999990e-16 1.475066999999999887e-17 -5.881943000000000380e-17 -6.631624999999999562e-17 -4.857553000000000240e-17 -3.034228999999999788e-17 2.420184999999999951e-12 6.073955000000000446e-13 2.465056000000000114e-13 9.906676000000000367e-14 3.966658999999999835e-14 1.599969000000000026e-14 6.590272000000000131e-15 2.799152000000000169e-15
-7.996736999999999795e-13 -2.797190999999999789e-13 -2.903823000000000169e-15 6.695725999999999773e-16 5.250541999999999560e-16 6.090539000000000437e-17 -1.362398000000000075e-16 -1.565439999999999953e-16 -1.146638000000000046e-16 -7.091030999999999597e-17 6.073955000000000446e-13 1.926040999999999911e-12 6.132185999999999857e-13 2.481626000000000113e-13 9.957517000000000201e-14 4.014942000000000150e-14 1.651943999999999850e-14 7.015919999999999824e-15
-3.021082999999999901e-13 -8.062348999999999900e-13 -2.788248000000000117e-13 -6.126396999999999865e-16 1.196490000000000042e-15 1.993734000000000026e-16 -3.376227999999999905e-16 -4.098888000000000095e-16 -3.116204999999999821e-16 -1.995959000000000027e-16 2.465056000000000114e-13 6.132185999999999857e-13 1.617538000000000049e-12 6.182280999999999959e-13 2.496850000000000110e-13 1.007002000000000044e-13 4.136910000000000242e-14 1.755321000000000109e-14
5.418125000000000200e-13 -2.987715000000000058e-13 -8.088925999999999858e-13 -2.764128999999999884e-13 1.302947999999999967e-15 7.165414000000000474e-16 -7.224452999999999933e-16 -9.920089999999999051e-16 -7.690179999999999859e-16 -4.911343999999999525e-16 9.906676000000000367e-14 2.481626000000000113e-13 6.182280999999999959e-13 1.425873999999999948e-12 6.230594000000000300e-13 2.523294000000000032e-13 1.034514000000000039e-13 4.381939999999999729e-14
1.307726000000000036e-12 5.613512999999999691e-13 -2.889711000000000085e-13 -8.075993000000000119e-13 -2.737993000000000044e-13 1.309298999999999979e-15 -1.349464999999999930e-15 -2.378159000000000154e-15 -1.928853000000000027e-15 -1.241854999999999942e-15 3.966658999999999835e-14 9.957517000000000201e-14 2.496850000000000110e-13 6.230594000000000300e-13 1.308803999999999923e-12 6.297565000000000339e-13 2.582143999999999827e-13 1.090305999999999964e-13
1.913077999999999818e-12 1.350493999999999920e-12 5.929955000000000252e-13 -2.715426000000000086e-13 -8.038262000000000469e-13 -2.735951000000000143e-13 -2.317126000000000173e-15 -5.402293999999999743e-15 -4.794115000000000002e-15 -3.139411999999999904e-15 1.599969000000000026e-14 4.014942000000000150e-14 1.007002000000000044e-13 2.523294000000000032e-13 6.297565000000000339e-13 1.241911000000000079e-12 6.419943000000000325e-13 2.700762999999999808e-13
2.393357000000000098e-12 1.994563999999999820e-12 1.417595000000000080e-12 6.408127000000000166e-13 -2.469546000000000027e-13 -8.011406999999999570e-13 -2.796367000000000216e-13 -1.120378000000000000e-14 -1.165898999999999976e-14 -7.964187000000000290e-15 6.590272000000000131e-15 1.651943999999999850e-14 4.136910000000000242e-14 1.034514000000000039e-13 2.582143999999999827e-13 6.419943000000000325e-13 1.212985000000000006e-12 6.649546999999999959e-13
2.815725000000000101e-12 2.537894000000000091e-12 2.120919000000000043e-12 1.518332999999999969e-12 7.081186000000000156e-13 -2.178500000000000007e-13 -8.054604999999999686e-13 -2.966052999999999983e-13 -2.663565999999999942e-14 -2.014224000000000049e-14 2.799152000000000169e-15 7.015919999999999824e-15 1.755321000000000109e-14 4.381939999999999729e-14 1.090305999999999964e-13 2.700762999999999808e-13 6.649546999999999959e-13 1.218221000000000005e-12
