age = 12.64031962101412
chistar = 11543.199479534092
dastar = 11.543997547806342
kd = 0.14718053474578077
keq = 0.01763945801062365
nz = 150
rdrag = 132.14607182714371
rs_zdrag = 132.14607182714371
rstar = 127.28868107519985
thetad = 0.18490270743788378
thetaeq = 0.5753474940642113
thetarseq = 0.3260928564392042
thetastar = 1.102639536677552
zdrag = 1049.5161316124681
zeq = 5780.827601711246
zstar = 1113.5594923114868
