a_s = 2.196876434003092e-09
baryon_fraction = 0.16582422490949308
cs2_de = 1.0
h0 = 0.7208845242386986
hubble = 72.08845242386987
k = -0.0
massive_nu = 1
massless_nu = 2.0293333333333337
mnu = 0.057267660756861974
n_eff = 3.0440000000000005
n_s = 0.967
nnu = 3.044
num_nu_massive = 1
num_nu_massless = 2.0293333333333337
ombh2 = 0.025256180568141145
omch2 = 0.1264352612066567
omega_b = 0.0486
omega_c = 0.24329702894168725
omega_k = 0.0
omega_lambda = 0.7069185758201137
omega_m = 0.2930814241798862
omega_nu = 0.0011843952381989807
omlamh2 = 0.367367555512057
ommh2 = 0.15230694177479784
omnuh2 = 0.0006155
s_8 = 0.843294918796888
sigma_12 = 0.8081413290120656
sigma_8 = 0.8531904080343762
tau = 0.08
tcmb = 2.7255
w = -1.0
wa = 0.0
yhe = 0.245341
