age = 12.484980678096166
chistar = 11335.393656620512
dastar = 11.33597081163676
kd = 0.16061788141857755
keq = 0.018463351567952004
nz = 150
rdrag = 127.07892186641787
rs_zdrag = 127.07892186641787
rstar = 124.0083712183883
thetad = 0.1725429665011195
thetaeq = 0.5597604665224106
thetarseq = 0.31604908189659964
thetastar = 1.093936931198601
zdrag = 1060.578261296099
zeq = 6050.886343784257
zstar = 1103.5408229554796
