# 2pt_covariance
1.466308000000000113e-10 1.100917999999999966e-10 1.075409000000000003e-10 1.049121000000000000e-10 1.022343999999999990e-10 9.950788000000000473e-11 9.672343000000000562e-11 9.386710000000000097e-11 9.091308999999999950e-11 8.782036000000000123e-11 8.452819999999999923e-11 8.095641000000000603e-11 7.701016999999999557e-11 7.258980999999999844e-11 6.760548999999999409e-11 6.199614000000000042e-11 5.575179000000000068e-11 4.893667999999999742e-11 4.170721000000000238e-11 3.431605999999999787e-11 -2.977412999999999947e-13 -6.765709000000000287e-13 -2.650303000000000041e-13 4.906834999999999862e-13 1.185999000000000024e-12 1.724875999999999930e-12 2.111480999999999977e-12 2.382659000000000097e-12 2.571174000000000127e-12 2.703680999999999817e-12 2.801731000000000191e-12 2.885917999999999942e-12 2.978953000000000060e-12 3.106598999999999938e-12 3.296704000000000167e-12 3.576557000000000146e-12 3.968863999999999597e-12 4.486403000000000063e-12 5.124734999999999771e-12 5.853929999999999877e-12 4.395230999999999813e-12 1.419346000000000039e-11 2.324870999999999899e-11 2.993547999999999716e-11 3.513374999999999900e-11 3.947446000000000303e-11 4.335987000000000192e-11 4.708096999999999825e-11 5.091871000000000205e-11 5.518552999999999699e-11 6.023490000000000620e-11 6.642835999999999383e-11 7.407532000000000389e-11 8.335444000000000565e-11 9.422422000000000500e-11 1.063323999999999988e-10 1.189396000000000067e-10 1.308893000000000094e-10 1.406687999999999961e-10 1.466191000000000040e-10 9.429559999999999437e-09 9.373477000000000469e-09 9.291887000000000134e-09 9.180714999999999765e-09 9.042053999999999845e-09 8.881017000000000704e-09 8.695974999999999225e-09 8.486815999999999409e-09 8.251873999999999581e-09 7.986626000000000540e-09 7.684218999999999849e-09 7.336177999999999975e-09 6.933235999999999900e-09 6.466881000000000222e-09 5.931469000000000086e-09 5.326676999999999927e-09 4.660133999999999740e-09 3.949366000000000360e-09 3.222207000000000059e-09 2.514339999999999819e-09
1.100917999999999966e-10 1.313528000000000047e-10 1.074903999999999936e-10 1.048957999999999998e-10 1.022274999999999967e-10 9.950674999999999865e-11 9.672573999999999493e-11 9.387105000000000642e-11 9.091807000000000500e-11 8.782619000000000626e-11 8.453499999999999553e-11 8.096438000000000564e-11 7.701941000000000452e-11 7.260034999999999528e-11 6.761719000000000140e-11 6.200882000000000477e-11 5.576519999999999991e-11 4.895059000000000094e-11 4.172139000000000020e-11 3.433030999999999733e-11 -4.535450999999999947e-14 -2.623310999999999827e-13 -7.093194000000000078e-13 -2.738149000000000231e-13 4.967137999999999832e-13 1.204145999999999987e-12 1.746914999999999933e-12 2.136834999999999952e-12 2.409120000000000139e-12 2.598383000000000198e-12 2.733946999999999963e-12 2.842461999999999930e-12 2.951002999999999962e-12 3.088442000000000059e-12 3.284671999999999921e-12 3.568379000000000016e-12 3.963144999999999669e-12 4.482307999999999766e-12 5.121752999999999775e-12 5.851745000000000326e-12 1.404553000000000023e-12 4.653405999999999771e-12 1.491057999999999885e-11 2.435677000000000023e-11 3.141419999999999917e-11 3.698513999999999885e-11 4.169678999999999726e-11 4.597683999999999738e-11 5.018780999999999918e-11 5.470040000000000066e-11 5.990928999999999382e-11 6.620547000000000547e-11 7.391897999999999448e-11 8.324186000000000251e-11 9.414160999999999633e-11 1.062712000000000062e-10 1.188945000000000023e-10 1.308566000000000028e-10 1.406460999999999978e-10 1.466043999999999968e-10 9.374173000000000650e-09 9.331518000000000656e-09 9.264045999999999216e-09 9.164488000000000251e-09 9.032656000000000080e-09 8.875220000000000708e-09 8.692658999999999316e-09 8.484649000000000155e-09 8.250471000000000677e-09 7.985694999999999895e-09 7.683647999999999811e-09 7.335909000000000253e-09 6.933224999999999702e-09 6.467086999999999714e-09 5.931851999999999752e-09 5.327194000000000123e-09 4.660743000000000311e-09 3.950033000000000395e-09 3.222901000000000015e-09 2.515037999999999810e-09
1.075409000000000003e-10 1.074903999999999936e-10 1.206970999999999874e-10 1.048307000000000049e-10 1.021909999999999938e-10 9.947971999999999528e-11 9.670413999999999834e-11 9.385253999999999704e-11 9.090128999999999909e-11 8.781076000000000418e-11 8.452109000000000493e-11 8.095231000000000446e-11 7.700938999999999767e-11 7.259237000000000282e-11 6.761108000000000275e-11 6.200427000000000192e-11 5.576185999999999763e-11 4.894811999999999682e-11 4.171948000000000269e-11 3.432868999999999920e-11 -3.215119000000000091e-14 -6.070795999999999891e-15 -2.724577000000000175e-13 -7.298034999999999811e-13 -2.830080999999999864e-13 5.049247999999999772e-13 1.219604000000000061e-12 1.767730999999999953e-12 2.160590000000000187e-12 2.434835000000000096e-12 2.627839000000000068e-12 2.774100000000000064e-12 2.906931000000000187e-12 3.059748999999999991e-12 3.265640999999999979e-12 3.555433999999999812e-12 3.954092000000000112e-12 4.475823000000000325e-12 5.117032000000000001e-12 5.848288999999999739e-12 9.513092999999999115e-13 1.608262999999999970e-12 5.004740999999999707e-12 1.571542000000000090e-11 2.559504999999999967e-11 3.307758000000000253e-11 3.907901999999999881e-11 4.423294000000000277e-11 4.903120999999999823e-11 5.393215000000000178e-11 5.939359999999999847e-11 6.585250999999999886e-11 7.367119000000000448e-11 8.306344000000000376e-11 9.401055999999999398e-11 1.061740000000000022e-10 1.188225000000000051e-10 1.308040000000000117e-10 1.406087999999999984e-10 1.465790999999999969e-10 9.292538999999999523e-09 9.264002000000000080e-09 9.214380999999999678e-09 9.133553000000000709e-09 9.015682000000000672e-09 8.864596000000000560e-09 8.685869000000000418e-09 8.480070999999999967e-09 8.247123000000000494e-09 7.983062999999999650e-09 7.681581999999999665e-09 7.334328000000000028e-09 6.932056000000000117e-09 6.466269999999999840e-09 5.931311000000000178e-09 5.326865999999999790e-09 4.660566000000000137e-09 3.949952000000000217e-09 3.222871999999999870e-09 2.515026000000000120e-09
1.049121000000000000e-10 1.048957999999999998e-10 1.048307000000000049e-10 1.129641000000000049e-10 1.021245000000000049e-10 9.943766000000000101e-11 9.667171999999999836e-11 9.382546999999999643e-11 9.087718999999999397e-11 8.778884999999999665e-11 8.450159000000000567e-11 8.093572000000000483e-11 7.699603999999999430e-11 7.258225999999999571e-11 6.760392999999999828e-11 6.199961000000000021e-11 5.575914999999999713e-11 4.894681000000000316e-11 4.171905999999999934e-11 3.432877999999999946e-11 -3.041424999999999836e-14 5.013539999999999816e-15 -1.067763000000000071e-14 -2.725526999999999782e-13 -7.495048999999999884e-13 -2.880885999999999868e-13 5.111215999999999615e-13 1.234126999999999998e-12 1.787409999999999954e-12 2.183943000000000199e-12 2.462992000000000134e-12 2.667085000000000040e-12 2.837617000000000065e-12 3.014491000000000186e-12 3.235575000000000175e-12 3.534955999999999826e-12 3.939764999999999823e-12 4.465550999999999861e-12 5.109547000000000059e-12 5.842803999999999991e-12 6.741392999999999929e-13 1.095845999999999933e-12 1.838049000000000057e-12 5.414795000000000254e-12 1.660848999999999884e-11 2.698524999999999995e-11 3.497287999999999830e-11 4.148506000000000176e-11 4.720378999999999954e-11 5.271665999999999764e-11 5.857722999999999677e-11 6.529359999999999877e-11 7.327874000000000084e-11 8.278079000000000113e-11 9.380285000000000556e-11 1.060198000000000003e-10 1.187081000000000111e-10 1.307203999999999873e-10 1.405491999999999989e-10 1.465382999999999933e-10 9.181339000000000155e-09 9.164413999999999823e-09 9.133525000000000055e-09 9.077854000000000073e-09 8.984155999999999679e-09 8.846738999999999263e-09 8.674541999999999512e-09 8.472757999999999787e-09 8.241774999999999697e-09 7.978920000000000815e-09 7.678352999999999365e-09 7.331861000000000268e-09 6.930245999999999686e-09 6.465016999999999948e-09 5.930497999999999924e-09 5.326392000000000067e-09 4.660333000000000310e-09 3.949874000000000168e-09 3.222876999999999809e-09 2.515062999999999921e-09
1.022343999999999990e-10 1.022274999999999967e-10 1.021909999999999938e-10 1.021245000000000049e-10 1.070497999999999957e-10 9.936161999999999804e-11 9.661842000000000383e-11 9.378173999999999455e-11 9.083870000000000551e-11 8.775400000000000271e-11 8.447058000000000538e-11 8.090928999999999885e-11 7.697472000000000424e-11 7.256609000000000589e-11 6.759245000000000165e-11 6.199207000000000325e-11 5.575468000000000169e-11 4.894452999999999885e-11 4.171819000000000119e-11 3.432867000000000058e-11 -2.995041000000000304e-14 5.782794000000000305e-15 -2.454124000000000196e-15 -6.692836000000000036e-15 -2.747236999999999798e-13 -7.646151999999999831e-13 -2.932753000000000014e-13 5.171102999999999761e-13 1.247880999999999901e-12 1.807167999999999919e-12 2.210070999999999863e-12 2.500819000000000070e-12 2.729102000000000098e-12 2.943321999999999966e-12 3.188158000000000076e-12 3.502607000000000042e-12 3.917106999999999941e-12 4.449291999999999859e-12 5.097696000000000092e-12 5.834120999999999956e-12 4.675725000000000254e-13 7.597853000000000503e-13 1.241290000000000055e-12 2.085289000000000123e-12 5.880122000000000135e-12 1.761574999999999873e-11 2.858023999999999940e-11 3.717362000000000170e-11 4.432282000000000117e-11 5.079582999999999844e-11 5.728583999999999938e-11 6.440911000000000362e-11 7.265761999999999389e-11 8.233332999999999810e-11 9.347399000000000407e-11 1.057756000000000018e-10 1.185271000000000094e-10 1.305881000000000001e-10 1.404550999999999878e-10 1.464739999999999948e-10 9.042665999999999718e-09 9.032570999999999455e-09 9.015642999999999821e-09 8.984144999999999482e-09 8.922722999999999277e-09 8.813628999999999571e-09 8.655521999999999716e-09 8.460633999999999592e-09 8.233090000000000569e-09 7.972356999999999832e-09 7.673281999999999187e-09 7.327992000000000269e-09 6.927412999999999888e-09 6.463053000000000057e-09 5.929241999999999903e-09 5.325674999999999810e-09 4.659995999999999590e-09 3.949778999999999663e-09 3.222913000000000118e-09 2.515148000000000133e-09
9.950788000000000473e-11 9.950674999999999865e-11 9.947971999999999528e-11 9.943766000000000101e-11 9.936161999999999804e-11 1.022527000000000035e-10 9.652626999999999397e-11 9.371130000000000601e-11 9.077811999999999609e-11 8.769968000000000098e-11 8.442235999999999652e-11 8.086828999999999610e-11 7.694178999999999420e-11 7.254128000000000450e-11 6.757508999999999696e-11 6.198096000000000048e-11 5.574843999999999909e-11 4.894176000000000249e-11 4.171766999999999828e-11 3.432936999999999754e-11 -3.018404000000000206e-14 6.135761999999999772e-15 -1.558001000000000090e-15 -5.789722999999999988e-16 -6.861871000000000228e-15 -2.753103999999999938e-13 -7.784653000000000272e-13 -2.976091000000000167e-13 5.229131999999999695e-13 1.262395000000000095e-12 1.830175999999999895e-12 2.245682999999999893e-12 2.560508000000000019e-12 2.831919999999999913e-12 3.113598999999999807e-12 3.451601999999999897e-12 3.881312000000000092e-12 4.423578999999999846e-12 5.078938000000000224e-12 5.820371999999999708e-12 3.234099999999999821e-13 5.207735000000000124e-13 8.457980000000000479e-13 1.394164000000000076e-12 2.364935999999999931e-12 6.429674999999999662e-12 1.878744999999999867e-11 3.046427000000000020e-11 3.979857000000000255e-11 4.776610999999999709e-11 5.524539999999999722e-11 6.301070999999999375e-11 7.167519999999999977e-11 8.162534000000000487e-11 9.295345000000000072e-11 1.053888999999999958e-10 1.182403999999999953e-10 1.303785000000000063e-10 1.403059999999999961e-10 1.463722000000000108e-10 8.881644000000000396e-09 8.875151000000000220e-09 8.864571999999999526e-09 8.846743999999999203e-09 8.813644999999999708e-09 8.746217000000000714e-09 8.620643000000000254e-09 8.439805000000000511e-09 8.219021999999999414e-09 7.961892000000000737e-09 7.665238999999999569e-09 7.321889000000000336e-09 6.922948000000000152e-09 6.459968000000000165e-09 5.927281999999999633e-09 5.324568999999999628e-09 4.659495000000000359e-09 3.949661999999999590e-09 3.223004000000000175e-09 2.515316999999999825e-09
9.672343000000000562e-11 9.672573999999999493e-11 9.670413999999999834e-11 9.667171999999999836e-11 9.661842000000000383e-11 9.652626999999999397e-11 9.811482999999999422e-11 9.359135000000000065e-11 9.068000999999999662e-11 8.761306000000000392e-11 8.434564000000000167e-11 8.080288000000000314e-11 7.688906999999999844e-11 7.250140000000000205e-11 6.754698999999999630e-11 6.196278000000000065e-11 5.573798000000000319e-11 4.893683000000000000e-11 4.171629000000000298e-11 3.432992999999999769e-11 -3.031314999999999994e-14 6.207600999999999952e-15 -1.318279999999999996e-15 1.523416000000000091e-16 -1.810551000000000023e-15 -5.618435999999999775e-15 -2.774970000000000140e-13 -7.900975000000000067e-13 -3.010166000000000201e-13 5.302149000000000211e-13 1.280696000000000100e-12 1.862371999999999812e-12 2.301793000000000146e-12 2.658861000000000014e-12 2.996920999999999888e-12 3.371419000000000015e-12 3.824875999999999867e-12 4.382966999999999736e-12 5.049272000000000298e-12 5.798614999999999723e-12 2.300147999999999904e-13 3.664028999999999917e-13 5.900838999999999753e-13 9.599363999999999889e-13 1.587134999999999982e-12 2.711031000000000184e-12 7.116377000000000303e-12 2.020958000000000041e-11 3.275201999999999962e-11 4.300505000000000082e-11 5.202790000000000290e-11 6.080298000000000069e-11 7.012328000000000572e-11 8.050626000000000112e-11 9.213013999999999945e-11 1.047769999999999991e-10 1.177865000000000099e-10 1.300466000000000077e-10 1.400696999999999956e-10 1.462108000000000014e-10 8.696604999999999873e-09 8.692592999999999784e-09 8.685847000000000022e-09 8.674549000000000089e-09 8.655540000000000491e-09 8.620644999999999238e-09 8.546302999999999868e-09 8.401796999999999540e-09 8.195466999999999902e-09 7.944957999999999191e-09 7.652367999999999480e-09 7.312142000000000163e-09 6.915826999999999966e-09 6.455056000000000213e-09 5.924144000000000217e-09 5.322788999999999661e-09 4.658674000000000037e-09 3.949454000000000287e-09 3.223126000000000187e-09 2.515562000000000169e-09
9.386710000000000097e-11 9.387105000000000642e-11 9.385253999999999704e-11 9.382546999999999643e-11 9.378173999999999455e-11 9.371130000000000601e-11 9.359135000000000065e-11 9.433106999999999621e-11 9.051794000000000113e-11 8.747543999999999587e-11 8.422470999999999928e-11 8.069966000000000068e-11 7.680570999999999626e-11 7.243829999999999841e-11 6.750254000000000531e-11 6.193408000000000260e-11 5.572154999999999898e-11 4.892916999999999840e-11 4.171426000000000082e-11 3.433099000000000213e-11 -3.015098000000000306e-14 6.250934999999999879e-15 -1.203433999999999983e-15 5.208641999999999806e-16 -9.462275000000000505e-16 -1.153304000000000093e-15 -5.589481999999999896e-15 -2.790404999999999761e-13 -7.996736999999999795e-13 -3.021082999999999901e-13 5.418125000000000200e-13 1.307726000000000036e-12 1.913077999999999818e-12 2.393357000000000098e-12 2.815725000000000101e-12 3.245979000000000097e-12 3.736183000000000055e-12 4.318950999999999658e-12 5.002420000000000004e-12 5.764210999999999903e-12 1.708558999999999970e-13 2.721601999999999877e-13 4.347734999999999750e-13 6.981698000000000287e-13 1.131626000000000009e-12 1.865750999999999973e-12 3.182623000000000140e-12 8.013163999999999237e-12 2.198897999999999907e-11 3.558126999999999789e-11 4.697274999999999814e-11 5.732584999999999933e-11 6.767646999999999708e-11 7.874025000000000631e-11 9.082958999999999405e-11 1.038094999999999971e-10 1.170681000000000044e-10 1.295209000000000113e-10 1.396955000000000063e-10 1.459550999999999947e-10 8.487454999999999618e-09 8.484590999999999864e-09 8.480058999999999450e-09 8.472772999999999606e-09 8.460660999999999927e-09 8.439816000000000709e-09 8.401806000000000755e-09 8.319229000000000120e-09 8.152835000000000622e-09 7.917064999999999895e-09 7.631748999999999512e-09 7.296627999999999631e-09 6.904501999999999697e-09 6.447232999999999588e-09 5.919157000000000346e-09 5.319962000000000121e-09 4.657372999999999733e-09 3.949124999999999636e-09 3.223323000000000120e-09 2.515956000000000033e-09
9.091308999999999950e-11 9.091807000000000500e-11 9.090128999999999909e-11 9.087718999999999397e-11 9.083870000000000551e-11 9.077811999999999609e-11 9.068000999999999662e-11 9.051794000000000113e-11 9.068271000000000427e-11 8.725266999999999923e-11 8.403380000000000247e-11 8.053674000000000565e-11 7.667365000000000540e-11 7.233807999999999583e-11 6.743188000000000610e-11 6.188841999999999813e-11 5.569538000000000092e-11 4.891695000000000110e-11 4.171101999999999810e-11 3.433263999999999819e-11 -3.011797000000000137e-14 6.270014000000000361e-15 -1.146776000000000000e-15 6.766152000000000141e-16 -5.436125000000000154e-16 -1.370275000000000052e-17 -1.132184000000000058e-15 -4.639552999999999681e-15 -2.797190999999999789e-13 -8.062348999999999900e-13 -2.987715000000000058e-13 5.613512999999999691e-13 1.350493999999999920e-12 1.994563999999999820e-12 2.537894000000000091e-12 3.051290000000000017e-12 3.597489000000000081e-12 4.218367000000000215e-12 4.928581999999999931e-12 5.709876000000000014e-12 1.342953000000000064e-13 2.135451999999999896e-13 3.394566000000000058e-13 5.407709000000000419e-13 8.648794000000000033e-13 1.392814000000000087e-12 2.275961000000000100e-12 3.844189000000000231e-12 9.202745999999999852e-12 2.423591999999999878e-11 3.908936000000000299e-11 5.187185999999999865e-11 6.383086000000000616e-11 7.596036999999999574e-11 8.877911000000000580e-11 1.022817999999999998e-10 1.159325000000000026e-10 1.286892000000000006e-10 1.391029999999999900e-10 1.455500000000000040e-10 8.252526000000000625e-09 8.250426999999999886e-09 8.247124000000000812e-09 8.241804999999999334e-09 8.233131000000000404e-09 8.219047999999999430e-09 8.195490000000000616e-09 8.152850000000000441e-09 8.059843000000000288e-09 7.868036999999999927e-09 7.598176999999999786e-09 7.271781000000000203e-09 6.886428000000000365e-09 6.434764999999999751e-09 5.911203999999999639e-09 5.315450999999999784e-09 4.655294999999999898e-09 3.948597000000000070e-09 3.223632000000000186e-09 2.516578000000000199e-09
8.782036000000000123e-11 8.782619000000000626e-11 8.781076000000000418e-11 8.778884999999999665e-11 8.775400000000000271e-11 8.769968000000000098e-11 8.761306000000000392e-11 8.747543999999999587e-11 8.725266999999999923e-11 8.700189999999999504e-11 8.372960999999999910e-11 8.028009999999999919e-11 7.646464000000000324e-11 7.217879000000000248e-11 6.731930999999999580e-11 6.181562999999999719e-11 5.565363999999999751e-11 4.889741999999999745e-11 4.170577999999999761e-11 3.433520000000000257e-11 -3.012130000000000136e-14 6.277993000000000327e-15 -1.131929000000000017e-15 7.127444000000000175e-16 -4.241557000000000086e-16 3.330065000000000006e-16 -3.007507000000000031e-17 -2.639063999999999904e-16 -2.903823000000000169e-15 -2.788248000000000117e-13 -8.088925999999999858e-13 -2.889711000000000085e-13 5.929955000000000252e-13 1.417595000000000080e-12 2.120919000000000043e-12 2.753024999999999975e-12 3.382369999999999854e-12 4.061149999999999916e-12 4.812592999999999908e-12 5.624246000000000105e-12 1.088431000000000035e-13 1.727588000000000020e-13 2.740763000000000143e-13 4.351112999999999940e-13 6.916560000000000166e-13 1.101823999999999931e-12 1.763318000000000060e-12 2.851945000000000123e-12 4.746791000000000387e-12 1.075208000000000037e-11 2.703814000000000014e-11 4.338322999999999992e-11 5.781803999999999988e-11 7.160260000000000511e-11 8.555652999999999996e-11 9.987511999999999580e-11 1.141397999999999939e-10 1.273744000000000022e-10 1.381653000000000006e-10 1.449085000000000068e-10 7.987299000000000006e-09 7.985671999999999180e-09 7.983085000000000045e-09 7.978970000000000210e-09 7.972418999999999743e-09 7.961938000000000511e-09 7.945001999999999982e-09 7.917100999999999790e-09 7.868058000000000004e-09 7.761954000000000512e-09 7.540701000000000139e-09 7.231601000000000038e-09 6.857453999999999758e-09 6.414799999999999810e-09 5.898472000000000019e-09 5.308226999999999851e-09 4.651959000000000231e-09 3.947736999999999724e-09 3.224109999999999943e-09 2.517557999999999921e-09
8.452819999999999923e-11 8.453499999999999553e-11 8.452109000000000493e-11 8.450159000000000567e-11 8.447058000000000538e-11 8.442235999999999652e-11 8.434564000000000167e-11 8.422470999999999928e-11 8.403380000000000247e-11 8.372960999999999910e-11 8.315049000000000348e-11 7.987461000000000310e-11 7.613446000000000232e-11 7.192543000000000243e-11 6.713962000000000064e-11 6.169924000000000479e-11 5.558682999999999772e-11 4.886610999999999846e-11 4.169729000000000155e-11 3.433917999999999949e-11 -3.012317999999999736e-14 6.277373999999999755e-15 -1.132678000000000062e-15 7.135006000000000474e-16 -4.138254000000000013e-16 3.614715000000000106e-16 1.028393000000000010e-16 3.868356999999999761e-16 6.695725999999999773e-16 -6.126396999999999865e-16 -2.764128999999999884e-13 -8.075993000000000119e-13 -2.715426000000000086e-13 6.408127000000000166e-13 1.518332999999999969e-12 2.305981000000000007e-12 3.053148999999999999e-12 3.817460999999999944e-12 4.631354999999999707e-12 5.489754000000000399e-12 8.815081999999999930e-14 1.397277999999999936e-13 2.215351000000000069e-13 3.513092999999999943e-13 5.573262999999999938e-13 8.847564999999999570e-13 1.406356999999999962e-12 2.241605999999999890e-12 3.597757000000000096e-12 5.905790999999999791e-12 1.268621999999999923e-11 3.042969999999999988e-11 4.850156000000000281e-11 6.481720999999999418e-11 8.051773999999999776e-11 9.609732000000000032e-11 1.113169000000000036e-10 1.252989000000000077e-10 1.366825999999999887e-10 1.438931000000000126e-10 7.684923999999999590e-09 7.683656000000000706e-09 7.681635000000000016e-09 7.678435000000000689e-09 7.673375000000000709e-09 7.665316999999999618e-09 7.652444000000000546e-09 7.631816999999999682e-09 7.598230000000000137e-09 7.540733000000000413e-09 7.418827999999999892e-09 7.164079000000000030e-09 6.810589000000000251e-09 6.382645000000000142e-09 5.877976000000000382e-09 5.296588999999999896e-09 4.646567999999999789e-09 3.946320999999999984e-09 3.224845000000000148e-09 2.519101999999999931e-09
8.095641000000000603e-11 8.096438000000000564e-11 8.095231000000000446e-11 8.093572000000000483e-11 8.090928999999999885e-11 8.086828999999999610e-11 8.080288000000000314e-11 8.069966000000000068e-11 8.053674000000000565e-11 8.028009999999999919e-11 7.987461000000000310e-11 7.901093999999999372e-11 7.561301000000000357e-11 7.152229000000000583e-11 6.685169000000000027e-11 6.151220999999999887e-11 5.547930000000000171e-11 4.881554000000000305e-11 4.168335000000000010e-11 3.434525000000000090e-11 -3.011109000000000312e-14 6.275497000000000060e-15 -1.137362000000000041e-15 7.057336999999999566e-16 -4.305377999999999926e-16 3.193784999999999989e-16 7.024405000000000025e-18 2.038918999999999990e-16 5.250541999999999560e-16 1.196490000000000042e-15 1.302947999999999967e-15 -2.737993000000000044e-13 -8.038262000000000469e-13 -2.469546000000000027e-13 7.081186000000000156e-13 1.661220000000000064e-12 2.560525999999999908e-12 3.444924000000000115e-12 4.350599999999999658e-12 5.279657999999999797e-12 6.958033999999999420e-14 1.102039999999999992e-13 1.747175000000000075e-13 2.770109000000000127e-13 4.392627999999999890e-13 6.968282999999999985e-13 1.106040999999999972e-12 1.757332000000000089e-12 2.797618000000000005e-12 4.474818000000000169e-12 7.279405000000000323e-12 1.496055000000000010e-11 3.435857999999999919e-11 5.437173999999999830e-11 7.270569999999999947e-11 9.020283000000000127e-11 1.068891999999999957e-10 1.220307999999999877e-10 1.343415999999999913e-10 1.422870999999999873e-10 7.336929999999999809e-09 7.335964999999999906e-09 7.334428999999999964e-09 7.331991000000000350e-09 7.328134000000000039e-09 7.322014999999999970e-09 7.312265999999999986e-09 7.296744000000000213e-09 7.271882999999999630e-09 7.231682999999999707e-09 7.164129000000000252e-09 7.024131000000000133e-09 6.732470999999999922e-09 6.330316000000000084e-09 5.844673999999999870e-09 5.277658999999999838e-09 4.637757000000000201e-09 3.943942000000000152e-09 3.225945999999999977e-09 2.521522000000000012e-09
7.701016999999999557e-11 7.701941000000000452e-11 7.700938999999999767e-11 7.699603999999999430e-11 7.697472000000000424e-11 7.694178999999999420e-11 7.688906999999999844e-11 7.680570999999999626e-11 7.667365000000000540e-11 7.646464000000000324e-11 7.613446000000000232e-11 7.561301000000000357e-11 7.448655999999999760e-11 7.088105999999999646e-11 6.638841000000000267e-11 6.120940999999999657e-11 5.530466000000000075e-11 4.873301000000000178e-11 4.166002999999999934e-11 3.435428999999999780e-11 -3.007485000000000235e-14 6.271312000000000170e-15 -1.142014000000000062e-15 7.027755999999999569e-16 -4.453079000000000154e-16 2.897745000000000014e-16 -6.846633000000000137e-17 1.475066999999999887e-17 6.090539000000000437e-17 1.993734000000000026e-16 7.165414000000000474e-16 1.309298999999999979e-15 -2.735951000000000143e-13 -8.011406999999999570e-13 -2.178500000000000007e-13 7.966321000000000099e-13 1.851869000000000093e-12 2.888454999999999934e-12 3.921798000000000169e-12 4.954326999999999837e-12 5.256399000000000002e-14 8.337389999999999424e-14 1.321447999999999995e-13 2.094982000000000120e-13 3.322438999999999854e-13 5.270244000000000257e-13 8.364654999999999965e-13 1.328685999999999979e-12 2.113390999999999916e-12 3.369050999999999838e-12 5.393869999999999916e-12 8.752136999999999788e-12 1.743568000000000069e-11 3.865566000000000091e-11 6.076730999999999868e-11 8.109784000000000333e-11 9.998986000000000506e-11 1.169055000000000002e-10 1.306540999999999976e-10 1.397500999999999887e-10 6.934060000000000351e-09 6.933352999999999973e-09 6.932228999999999844e-09 6.930448000000000385e-09 6.927627000000000277e-09 6.923146999999999895e-09 6.916023999999999898e-09 6.904691000000000388e-09 6.886604000000000221e-09 6.857611000000000174e-09 6.810714000000000393e-09 6.732547000000000160e-09 6.573317999999999986e-09 6.242817999999999938e-09 5.789762000000000298e-09 5.246412000000000101e-09 4.623109999999999765e-09 3.939824999999999679e-09 3.227530999999999822e-09 2.525290000000000076e-09
7.258980999999999844e-11 7.260034999999999528e-11 7.259237000000000282e-11 7.258225999999999571e-11 7.256609000000000589e-11 7.254128000000000450e-11 7.250140000000000205e-11 7.243829999999999841e-11 7.233807999999999583e-11 7.217879000000000248e-11 7.192543000000000243e-11 7.152229000000000583e-11 7.088105999999999646e-11 6.950839999999999491e-11 6.564042999999999519e-11 6.071410999999999725e-11 5.501722999999999821e-11 4.859611000000000224e-11 4.161992999999999914e-11 3.436713999999999688e-11 -3.002887999999999897e-14 6.272284000000000297e-15 -1.147376000000000049e-15 6.995983999999999613e-16 -4.472371999999999578e-16 2.784649999999999801e-16 -9.559530999999999674e-17 -5.881943000000000380e-17 -1.362398000000000075e-16 -3.376227999999999905e-16 -7.224452999999999933e-16 -1.349464999999999930e-15 -2.317126000000000173e-15 -2.796367000000000216e-13 -8.054604999999999686e-13 -1.893540999999999898e-13 9.052766999999999689e-13 2.090204000000000006e-12 3.282274999999999966e-12 4.457767000000000184e-12 3.764503000000000105e-14 5.964854999999999932e-14 9.456275000000000013e-14 1.499441000000000093e-13 2.377863999999999813e-13 3.772306999999999993e-13 5.987764999999999982e-13 9.512927000000000224e-13 1.513448000000000035e-12 2.413083999999999939e-12 3.860793999999999634e-12 6.212017999999999673e-12 1.012498999999999965e-11 1.985954999999999851e-11 4.301255999999999984e-11 6.727766000000000557e-11 8.935973000000000136e-11 1.089225999999999988e-10 1.248680999999999930e-10 1.357503999999999948e-10 6.467812000000000040e-09 6.467322000000000179e-09 6.466551000000000079e-09 6.465327000000000332e-09 6.463373999999999812e-09 6.460274000000000102e-09 6.455360000000000340e-09 6.447529999999999965e-09 6.435049000000000119e-09 6.415064999999999912e-09 6.382879999999999779e-09 6.330503999999999629e-09 6.242931999999999882e-09 6.065353000000000076e-09 5.696478999999999846e-09 5.193632000000000207e-09 4.598120999999999739e-09 3.932408000000000262e-09 3.229634000000000182e-09 2.531090000000000200e-09
6.760548999999999409e-11 6.761719000000000140e-11 6.761108000000000275e-11 6.760392999999999828e-11 6.759245000000000165e-11 6.757508999999999696e-11 6.754698999999999630e-11 6.750254000000000531e-11 6.743188000000000610e-11 6.731930999999999580e-11 6.713962000000000064e-11 6.685169000000000027e-11 6.638841000000000267e-11 6.564042999999999519e-11 6.404711000000000011e-11 5.989471999999999704e-11 5.453473000000000142e-11 4.836333999999999736e-11 4.154825999999999850e-11 3.438368999999999927e-11 -2.996283000000000098e-14 6.262187999999999669e-15 -1.155704000000000093e-15 7.013055999999999548e-16 -4.471159999999999865e-16 2.772738000000000229e-16 -9.765687000000000227e-17 -6.631624999999999562e-17 -1.565439999999999953e-16 -4.098888000000000095e-16 -9.920089999999999051e-16 -2.378159000000000154e-15 -5.402293999999999743e-15 -1.120378000000000000e-14 -2.966052999999999983e-13 -8.250598999999999628e-13 -1.693504999999999911e-13 1.028736000000000030e-12 2.367262000000000097e-12 3.718025000000000003e-12 2.508227000000000042e-14 3.976577999999999987e-14 6.304202000000000434e-14 9.994770000000000335e-14 1.585088000000000122e-13 2.514781999999999755e-13 3.991910000000000102e-13 6.342804000000000283e-13 1.009269000000000029e-12 1.609683999999999950e-12 2.576625000000000040e-12 4.147921999999999903e-12 6.736952999999999597e-12 1.111797000000000054e-11 2.186556999999999970e-11 4.697966999999999908e-11 7.330841000000000307e-11 9.663561000000000085e-11 1.158495999999999946e-10 1.294664000000000090e-10 5.932556000000000002e-09 5.932243999999999807e-09 5.931749000000000006e-09 5.930964999999999898e-09 5.929720000000000075e-09 5.927744999999999986e-09 5.924606000000000251e-09 5.919611999999999803e-09 5.911647000000000234e-09 5.898896999999999839e-09 5.878372000000000057e-09 5.845025000000000089e-09 5.790042000000000218e-09 5.696647999999999951e-09 5.504447999999999726e-09 5.100883000000000407e-09 4.553807000000000299e-09 3.918302999999999719e-09 3.231894000000000131e-09 2.539841000000000101e-09
6.199614000000000042e-11 6.200882000000000477e-11 6.200427000000000192e-11 6.199961000000000021e-11 6.199207000000000325e-11 6.198096000000000048e-11 6.196278000000000065e-11 6.193408000000000260e-11 6.188841999999999813e-11 6.181562999999999719e-11 6.169924000000000479e-11 6.151220999999999887e-11 6.120940999999999657e-11 6.071410999999999725e-11 5.989471999999999704e-11 5.812657000000000119e-11 5.370454000000000292e-11 4.795320999999999818e-11 4.141338000000000180e-11 3.440000999999999813e-11 -2.985319999999999845e-14 6.251938999999999766e-15 -1.167816000000000042e-15 6.995854000000000338e-16 -4.458524999999999809e-16 2.815054999999999848e-16 -9.083491000000000472e-17 -4.857553000000000240e-17 -1.146638000000000046e-16 -3.116204999999999821e-16 -7.690179999999999859e-16 -1.928853000000000027e-15 -4.794115000000000002e-15 -1.165898999999999976e-14 -2.663565999999999942e-14 -3.296266999999999933e-13 -8.702356000000000204e-13 -1.684847999999999992e-13 1.155966000000000085e-12 2.661778000000000051e-12 1.515271999999999983e-14 2.402777000000000034e-14 3.810821000000000161e-14 6.044199999999999883e-14 9.586152999999999715e-14 1.520722999999999921e-13 2.414135999999999862e-13 3.836240000000000222e-13 6.105198999999999500e-13 9.739741000000000837e-13 1.559725000000000001e-12 2.512799000000000186e-12 4.086508000000000181e-12 6.743485000000000321e-12 1.139248000000000075e-11 2.299916000000000113e-11 5.000180999999999977e-11 7.813660000000000292e-11 1.019591000000000000e-10 1.196516999999999943e-10 5.327988000000000110e-09 5.327810999999999936e-09 5.327529999999999696e-09 5.327085000000000118e-09 5.326379000000000059e-09 5.325259000000000377e-09 5.323476999999999772e-09 5.320643999999999975e-09 5.316122000000000267e-09 5.308880999999999878e-09 5.297215000000000096e-09 5.278242999999999885e-09 5.246929999999999789e-09 5.194044000000000019e-09 5.101132000000000371e-09 4.901394999999999699e-09 4.470451000000000324e-09 3.889597000000000170e-09 3.232610999999999974e-09 2.552551000000000153e-09
5.575179000000000068e-11 5.576519999999999991e-11 5.576185999999999763e-11 5.575914999999999713e-11 5.575468000000000169e-11 5.574843999999999909e-11 5.573798000000000319e-11 5.572154999999999898e-11 5.569538000000000092e-11 5.565363999999999751e-11 5.558682999999999772e-11 5.547930000000000171e-11 5.530466000000000075e-11 5.501722999999999821e-11 5.453473000000000142e-11 5.370454000000000292e-11 5.183483999999999928e-11 4.719628000000000052e-11 4.114244999999999863e-11 3.439959000000000125e-11 -2.968331000000000310e-14 6.236703000000000006e-15 -1.180177999999999946e-15 7.060637000000000034e-16 -4.391971999999999790e-16 2.837151999999999800e-16 -8.507950999999999604e-17 -3.034228999999999788e-17 -7.091030999999999597e-17 -1.995959000000000027e-16 -4.911343999999999525e-16 -1.241854999999999942e-15 -3.139411999999999904e-15 -7.964187000000000290e-15 -2.014224000000000049e-14 -4.932545999999999983e-14 -3.835787000000000244e-13 -9.524437000000000445e-13 -1.998253000000000058e-13 1.268955999999999990e-12 7.882041000000000394e-15 1.248603000000000067e-14 1.977951999999999999e-14 3.133941999999999916e-14 4.968537999999999957e-14 7.884031000000000255e-14 1.251962999999999964e-13 1.989975999999999881e-13 3.168460999999999781e-13 5.058306999999999764e-13 8.109656999999999682e-13 1.308820000000000072e-12 2.134378999999999866e-12 3.537392999999999849e-12 6.009907000000000071e-12 1.060418000000000016e-11 2.278771999999999855e-11 5.151111999999999872e-11 8.104925000000000061e-11 1.044902999999999979e-10 4.661758999999999928e-09 4.661677000000000259e-09 4.661547999999999669e-09 4.661342000000000177e-09 4.661018000000000292e-09 4.660501999999999588e-09 4.659679999999999774e-09 4.658373000000000039e-09 4.656285000000000325e-09 4.652932999999999694e-09 4.647517000000000382e-09 4.638666999999999942e-09 4.623957999999999595e-09 4.598872000000000081e-09 4.554404999999999846e-09 4.470811999999999595e-09 4.273815999999999999e-09 3.825989999999999937e-09 3.225801000000000077e-09 2.569563000000000094e-09
4.893667999999999742e-11 4.895059000000000094e-11 4.894811999999999682e-11 4.894681000000000316e-11 4.894452999999999885e-11 4.894176000000000249e-11 4.893683000000000000e-11 4.892916999999999840e-11 4.891695000000000110e-11 4.889741999999999745e-11 4.886610999999999846e-11 4.881554000000000305e-11 4.873301000000000178e-11 4.859611000000000224e-11 4.836333999999999736e-11 4.795320999999999818e-11 4.719628000000000052e-11 4.532572999999999734e-11 4.055625000000000018e-11 3.432661999999999980e-11 -2.942419999999999720e-14 6.208035999999999731e-15 -1.206335999999999926e-15 7.040240000000000188e-16 -4.391146999999999920e-16 2.847598999999999850e-16 -7.852351000000000103e-17 -1.691527999999999863e-17 -3.741287000000000144e-17 -1.142637000000000062e-16 -2.779160999999999999e-16 -7.031056999999999857e-16 -1.783944999999999843e-15 -4.556788999999999822e-15 -1.173641000000000013e-14 -3.053545000000000041e-14 -7.907155999999999462e-14 -4.621546000000000349e-13 -1.082842000000000002e-12 -2.774743999999999935e-13 2.934547999999999895e-15 4.652753999999999794e-15 7.379708999999999552e-15 1.170942999999999984e-14 1.858545000000000148e-14 2.950547999999999839e-14 4.687854000000000227e-14 7.460680000000000528e-14 1.190222999999999966e-13 1.905783000000000100e-13 3.069805000000000065e-13 4.990028999999999517e-13 8.226582999999999783e-13 1.385469999999999952e-12 2.408316000000000095e-12 4.381728000000000209e-12 8.496707999999999301e-12 2.086950000000000029e-11 5.110245000000000224e-11 8.158407999999999420e-11 3.951418999999999670e-09 3.951398999999999912e-09 3.951366000000000146e-09 3.951314000000000113e-09 3.951231999999999617e-09 3.951101000000000044e-09 3.950891999999999595e-09 3.950557999999999832e-09 3.950020000000000387e-09 3.949145999999999713e-09 3.947708000000000405e-09 3.945294000000000169e-09 3.941122000000000362e-09 3.933615999999999871e-09 3.919373000000000006e-09 3.890448999999999621e-09 3.826502999999999685e-09 3.644437000000000161e-09 3.191492999999999827e-09 2.587613999999999953e-09
4.170721000000000238e-11 4.172139000000000020e-11 4.171948000000000269e-11 4.171905999999999934e-11 4.171819000000000119e-11 4.171766999999999828e-11 4.171629000000000298e-11 4.171426000000000082e-11 4.171101999999999810e-11 4.170577999999999761e-11 4.169729000000000155e-11 4.168335000000000010e-11 4.166002999999999934e-11 4.161992999999999914e-11 4.154825999999999850e-11 4.141338000000000180e-11 4.114244999999999863e-11 4.055625000000000018e-11 3.880154000000000149e-11 3.400213999999999995e-11 -2.902938999999999976e-14 6.163771000000000184e-15 -1.241845999999999985e-15 7.053685000000000350e-16 -4.339657999999999962e-16 2.844084999999999947e-16 -7.776185000000000504e-17 -9.126228000000000216e-18 -1.528322000000000148e-17 -6.128070000000000396e-17 -1.434280999999999926e-16 -3.630968999999999896e-16 -9.197328999999999296e-16 -2.345076000000000164e-15 -6.037188000000000155e-15 -1.576440999999999853e-14 -4.203745999999999973e-14 -1.143504999999999983e-13 -5.663700000000000393e-13 -1.268427999999999934e-12 1.524920000000000049e-17 2.502193999999999984e-17 4.394662000000000259e-17 7.806851999999999973e-17 1.411018999999999933e-16 2.628353999999999874e-16 4.941393999999999885e-16 9.369743999999999160e-16 1.847034999999999848e-15 3.874355000000000219e-15 8.544560999999999966e-15 1.960495000000000157e-14 4.650590000000000180e-14 1.132255999999999977e-13 2.818249000000000061e-13 7.166350000000000054e-13 1.868755000000000149e-12 5.047980000000000065e-12 1.719155000000000059e-11 4.874598999999999836e-11 3.224821999999999847e-09 3.224833999999999950e-09 3.224854000000000122e-09 3.224885000000000078e-09 3.224933999999999981e-09 3.225011000000000125e-09 3.225134000000000042e-09 3.225326000000000035e-09 3.225626000000000127e-09 3.226093000000000101e-09 3.226808000000000134e-09 3.227878000000000007e-09 3.229414999999999854e-09 3.231441000000000070e-09 3.233579000000000007e-09 3.234102999999999952e-09 3.226989999999999834e-09 3.192209000000000179e-09 3.036372000000000152e-09 2.588450999999999998e-09
